,Ant,Node,A Priori Status,Auto Metrics Flags,Dead Fraction in Ant Metrics (Jee),Dead Fraction in Ant Metrics (Jnn),Crossed Fraction in Ant Metrics,ee Shape Modified Z-Score,nn Shape Modified Z-Score,ee Power Modified Z-Score,nn Power Modified Z-Score,ee Temporal Variability Modified Z-Score,nn Temporal Variability Modified Z-Score,ee Temporal Discontinuties Modified Z-Score,nn Temporal Discontinuties Modified Z-Score,Average Dead Ant Metric (Jee),Average Dead Ant Metric (Jnn),Average Crossed Ant Metric
0,"<a href=""https://htmlpreview.github.io/?https://github.com/HERA-Team/H6C_Notebooks/blob/main/antenna_report/antenna_3_report.html"" target=""_blank"">3</a>",N01,digital_ok,1.0,1.0,1.0,0.0,9.866231761049773,12.995502591324477,10.569945653275697,11.193192445889705,10.344183900796718,12.322538757029735,0.25446036665390087,0.7065323783202317,0.03072164166453079,0.03365112475003634,0.003609225584235989
1,"<a href=""https://htmlpreview.github.io/?https://github.com/HERA-Team/H6C_Notebooks/blob/main/antenna_report/antenna_4_report.html"" target=""_blank"">4</a>",N01,RF_maintenance,1.0,0.0,0.0,0.0,0.5369606457149982,1.7034703565235925,1.7924808806058548,0.4054400516290722,3.3422562238683025,-0.3589583100524809,10.968176212913301,3.169718579868603,0.5939078196988464,0.6169101082111339,0.3980003839966784
2,"<a href=""https://htmlpreview.github.io/?https://github.com/HERA-Team/H6C_Notebooks/blob/main/antenna_report/antenna_5_report.html"" target=""_blank"">5</a>",N01,digital_ok,0.0,0.0,0.0,0.0,-0.7932525542241363,-0.22639223937462052,0.3594582842561348,0.13854548462497068,0.2514103795430666,1.9964436144916453,0.5094651125692189,0.3889852690098309,0.6075684012213288,0.6174581410491855,0.3872526447372101
3,"<a href=""https://htmlpreview.github.io/?https://github.com/HERA-Team/H6C_Notebooks/blob/main/antenna_report/antenna_7_report.html"" target=""_blank"">7</a>",N02,digital_ok,1.0,0.0,0.0,0.0,-0.9892066967052647,0.060446298049932984,-1.1664812475949062,-0.1752340654741716,0.008497598327676114,0.40079714736785316,11.28842373677011,10.333236492602003,0.6127091412037733,0.627367059594391,0.380686534533635
4,"<a href=""https://htmlpreview.github.io/?https://github.com/HERA-Team/H6C_Notebooks/blob/main/antenna_report/antenna_8_report.html"" target=""_blank"">8</a>",N02,RF_maintenance,0.0,0.0,0.0,0.0,-0.07656040243153604,-1.334926293595737,-0.5632822441855221,-0.04938857161174948,-0.26851046179869487,0.4118722662414664,3.1654102259422072,0.5809307972481682,0.6123573956657108,0.6237295668585023,0.3773526219096131
5,"<a href=""https://htmlpreview.github.io/?https://github.com/HERA-Team/H6C_Notebooks/blob/main/antenna_report/antenna_9_report.html"" target=""_blank"">9</a>",N02,digital_ok,1.0,0.0,0.0,0.0,0.28579549239987306,-0.6465175357072893,3.1813420197764164,-1.3619289035300002,5.975340304545044,0.5814497491293426,1.725880001229273,-0.41810522967948915,0.5889630159825562,0.6232414551909851,0.39082501102986184
6,"<a href=""https://htmlpreview.github.io/?https://github.com/HERA-Team/H6C_Notebooks/blob/main/antenna_report/antenna_10_report.html"" target=""_blank"">10</a>",N02,digital_ok,1.0,0.0,0.0,0.0,2.7858383779380684,-0.7432852404369569,6.766003134202079,-1.548868771987273,9.588210106705432,0.7325390018108767,1.943910726938458,0.8260348245141339,0.5236584257580709,0.6222122145839912,0.41567765289568653
7,"<a href=""https://htmlpreview.github.io/?https://github.com/HERA-Team/H6C_Notebooks/blob/main/antenna_report/antenna_15_report.html"" target=""_blank"">15</a>",N01,digital_ok,1.0,1.0,1.0,0.0,10.244435750713594,13.227792640073895,10.499749004889411,11.114771762708251,10.388894848761753,12.344893658511033,-0.10785797388890206,0.17995768345549612,0.026430740834295377,0.025686707773696405,0.001362410913507797
8,"<a href=""https://htmlpreview.github.io/?https://github.com/HERA-Team/H6C_Notebooks/blob/main/antenna_report/antenna_16_report.html"" target=""_blank"">16</a>",N01,digital_ok,1.0,1.0,0.0,0.0,10.07138726139958,-0.7790543951638496,10.533128765712862,0.7486196286671247,10.340190976779962,1.8378017823672563,0.22607778251412966,2.416911876519858,0.033574985517185255,0.6232667006841003,0.5033606571916961
9,"<a href=""https://htmlpreview.github.io/?https://github.com/HERA-Team/H6C_Notebooks/blob/main/antenna_report/antenna_17_report.html"" target=""_blank"">17</a>",N01,digital_ok,0.0,0.0,0.0,0.0,0.6802931807700451,1.3915716238855969,0.48613397743275666,0.34422544686683376,0.5824311092028905,0.7247830350920924,2.3117250442768587,1.66311791762122,0.6172022536251698,0.6314409736652669,0.38573744252495185
10,"<a href=""https://htmlpreview.github.io/?https://github.com/HERA-Team/H6C_Notebooks/blob/main/antenna_report/antenna_18_report.html"" target=""_blank"">18</a>",N01,RF_maintenance,1.0,1.0,0.37385197190707725,0.0,10.695776489065137,17.232317234691678,10.499792476659525,-0.8186911944604083,10.50771863234764,7.774709915169766,0.16660158569378586,20.538812907306358,0.030872580148043664,0.22868798325761594,0.1743672180265495
11,"<a href=""https://htmlpreview.github.io/?https://github.com/HERA-Team/H6C_Notebooks/blob/main/antenna_report/antenna_19_report.html"" target=""_blank"">19</a>",N02,digital_ok,0.0,0.0,0.0,0.0,-0.6876200849269434,-0.6384588806552093,-1.2094727075933993,-0.878401873760108,-0.6582620467486779,0.5767365708180876,0.58955737387324,1.5687100943944134,0.6223081923591625,0.6391421877440399,0.3776597996339087
12,"<a href=""https://htmlpreview.github.io/?https://github.com/HERA-Team/H6C_Notebooks/blob/main/antenna_report/antenna_20_report.html"" target=""_blank"">20</a>",N02,digital_ok,0.0,0.0,0.0,0.0,0.17507360870012986,-1.105295988379592,2.6554191786308428,-1.2622038412017336,0.30350835299826695,0.8312606956902964,3.3741161176069334,-0.24578830591580592,0.6100153823335359,0.6380001963372661,0.38344837376994556
13,"<a href=""https://htmlpreview.github.io/?https://github.com/HERA-Team/H6C_Notebooks/blob/main/antenna_report/antenna_21_report.html"" target=""_blank"">21</a>",N02,digital_ok,0.0,0.0,0.0,0.0,1.1434860695048283,0.43529663251156125,-0.6740258954882994,-0.0352500360534791,0.2583050597446103,1.5575481103037996,-0.18762007540844788,-0.01092933070604183,0.6074833253763126,0.6144782252387667,0.3719661102018556
14,"<a href=""https://htmlpreview.github.io/?https://github.com/HERA-Team/H6C_Notebooks/blob/main/antenna_report/antenna_22_report.html"" target=""_blank"">22</a>",N06,not_connected,0.0,0.0,0.0,0.0,-0.6620382062490531,-0.2711923185582399,0.6498117948041087,0.45809253957250906,1.126164682161118,1.2486190826091157,-0.37911331901873513,-1.2219701430532903,0.5795794276955164,0.5942596853202478,0.37352143141450433
15,"<a href=""https://htmlpreview.github.io/?https://github.com/HERA-Team/H6C_Notebooks/blob/main/antenna_report/antenna_27_report.html"" target=""_blank"">27</a>",N01,RF_maintenance,1.0,1.0,1.0,0.0,9.521607899174947,12.075740351942862,10.56511549881909,10.976387072813495,10.478008423799947,12.396418703977705,1.6030334592738076,1.1128356868454925,0.03536971355436564,0.03884069402009554,0.004435490903393233
16,"<a href=""https://htmlpreview.github.io/?https://github.com/HERA-Team/H6C_Notebooks/blob/main/antenna_report/antenna_28_report.html"" target=""_blank"">28</a>",N01,RF_maintenance,1.0,0.0,0.873581847649919,0.0,9.957269736096654,24.078414327302607,-0.19639040778772346,2.724401055134651,7.104655636504209,10.80794232173533,3.722259096756538,25.85165839515996,0.3618330849235723,0.1546779831586619,0.26564971740371307
17,"<a href=""https://htmlpreview.github.io/?https://github.com/HERA-Team/H6C_Notebooks/blob/main/antenna_report/antenna_29_report.html"" target=""_blank"">29</a>",N01,digital_ok,1.0,1.0,1.0,0.0,10.145371608457797,12.523065324327549,10.131560666239075,10.54746016327831,10.463778293995178,12.375013174781003,0.14717446297249578,-0.20666218992925972,0.030580481970279603,0.03731817943022695,0.006976468914988781
18,"<a href=""https://htmlpreview.github.io/?https://github.com/HERA-Team/H6C_Notebooks/blob/main/antenna_report/antenna_30_report.html"" target=""_blank"">30</a>",N01,digital_ok,1.0,0.0,0.0,0.0,1.0125441937795334,-0.25135930167469883,1.4151447185442438,-1.4472298000267507,4.533588461896588,1.8080747253042257,1.013841747871121,-0.11077988018920325,0.6168333922312634,0.6485483120814848,0.3856349353511211
19,"<a href=""https://htmlpreview.github.io/?https://github.com/HERA-Team/H6C_Notebooks/blob/main/antenna_report/antenna_31_report.html"" target=""_blank"">31</a>",N02,digital_ok,0.0,0.0,0.0,0.0,0.5382746927601838,-1.1752461936274172,1.2332404395350027,0.969728514580502,1.4218649349070502,-0.4616347013620171,0.7871073676675384,3.183570415195831,0.6342351037917013,0.6392903436108912,0.3746209472194547
20,"<a href=""https://htmlpreview.github.io/?https://github.com/HERA-Team/H6C_Notebooks/blob/main/antenna_report/antenna_32_report.html"" target=""_blank"">32</a>",N02,RF_maintenance,1.0,0.0,0.0,0.0,0.7110547841781063,24.5885354232485,-0.08755790095385098,3.0119781614471144,0.6726004094447017,0.9141684111921997,1.9969336294492348,8.640179091802212,0.6194221676873752,0.5262951872511962,0.35763445653275316
21,"<a href=""https://htmlpreview.github.io/?https://github.com/HERA-Team/H6C_Notebooks/blob/main/antenna_report/antenna_34_report.html"" target=""_blank"">34</a>",N06,not_connected,1.0,1.0,1.0,0.0,11.617857621744925,13.688218027269357,4.6487392157792815,4.933174627453108,10.439399841431706,12.32944048251502,0.8739331354937919,0.42484218720909794,0.03589801897985046,0.04735454801077564,0.007740499622502817
22,"<a href=""https://htmlpreview.github.io/?https://github.com/HERA-Team/H6C_Notebooks/blob/main/antenna_report/antenna_35_report.html"" target=""_blank"">35</a>",N06,not_connected,0.0,0.0,0.0,0.0,0.46834333436480347,-0.10590022861051729,1.6130250889935014,-1.059013061449822,0.6919454681341637,-1.3070762349007803,-0.8675410571568403,-0.4714730952536385,0.5902465040411515,0.5822062755694676,0.37021070191855815
23,"<a href=""https://htmlpreview.github.io/?https://github.com/HERA-Team/H6C_Notebooks/blob/main/antenna_report/antenna_36_report.html"" target=""_blank"">36</a>",N03,RF_maintenance,1.0,1.0,1.0,0.0,24.705360711404975,25.0663993497797,13.989848121079847,13.881792489429689,10.55912077913596,12.222764740162864,4.076620038008471,4.263588731976882,0.033804937192101994,0.031534613815401055,0.0014789685823137447
24,"<a href=""https://htmlpreview.github.io/?https://github.com/HERA-Team/H6C_Notebooks/blob/main/antenna_report/antenna_37_report.html"" target=""_blank"">37</a>",N03,digital_ok,0.0,0.0,0.0,0.0,0.16128573758286002,0.4085412532634227,-1.2561170671039077,1.4524996637643406,1.0471466076616482,0.9896383802652559,-0.7442288578800342,2.2805180531666323,0.6118810776466655,0.6199803107970612,0.39358979330809174
25,"<a href=""https://htmlpreview.github.io/?https://github.com/HERA-Team/H6C_Notebooks/blob/main/antenna_report/antenna_38_report.html"" target=""_blank"">38</a>",N03,digital_ok,0.0,0.0,0.0,0.0,-0.03637609044688987,0.08571047519116042,0.2089544316967945,0.4391966835349767,0.1249474579449848,0.6717972291715981,3.0906238563927855,0.7094235459920017,0.6212777498140756,0.6299434890238602,0.3951093996791732
26,"<a href=""https://htmlpreview.github.io/?https://github.com/HERA-Team/H6C_Notebooks/blob/main/antenna_report/antenna_40_report.html"" target=""_blank"">40</a>",N04,digital_ok,1.0,1.0,0.0,0.0,9.527791982628319,3.5534619277580948,10.158872410399265,0.40306702032688513,10.420064202024074,-0.4872975318756388,0.442990276395372,0.4834135026797304,0.039070675933141404,0.6110615674233298,0.46760039298758704
27,"<a href=""https://htmlpreview.github.io/?https://github.com/HERA-Team/H6C_Notebooks/blob/main/antenna_report/antenna_41_report.html"" target=""_blank"">41</a>",N04,digital_ok,0.0,0.0,0.0,0.0,0.5892209097461016,0.021582827725020456,-0.03555987534145603,-0.01219805789789197,1.7716676694608766,0.027966582936504787,0.2841463834578042,1.311442799684382,0.6234875246466003,0.6381561939764822,0.37039312739728203
28,"<a href=""https://htmlpreview.github.io/?https://github.com/HERA-Team/H6C_Notebooks/blob/main/antenna_report/antenna_42_report.html"" target=""_blank"">42</a>",N04,digital_ok,1.0,0.0,0.0,0.0,0.1200217245726592,3.139898726359612,-0.9562933071643986,8.872700106285299,5.981736538008313,4.74689290082559,-0.6033170986675719,0.31199777367792847,0.6396939847985601,0.522145373952465,0.42152152956718975
29,"<a href=""https://htmlpreview.github.io/?https://github.com/HERA-Team/H6C_Notebooks/blob/main/antenna_report/antenna_43_report.html"" target=""_blank"">43</a>",N05,RF_maintenance,0.0,0.0,0.0,0.0,-0.07726470520137413,0.6756320122547549,0.04471805572950051,0.601521503932879,-1.0168216532198462,0.05385956623042597,-1.2266934977756052,0.590023363071352,0.6340513500000785,0.6348137089223986,0.371920630386851
30,"<a href=""https://htmlpreview.github.io/?https://github.com/HERA-Team/H6C_Notebooks/blob/main/antenna_report/antenna_44_report.html"" target=""_blank"">44</a>",N05,digital_ok,0.0,0.0,0.0,0.0,-1.3738353069732598,-0.31113270238441926,-0.4271967098302938,-0.6628397779795058,-0.604157864617036,-0.09511235837490395,-1.0822985677350774,-0.776772373487131,0.6250832099541646,0.6449849206658681,0.3726777672988381
31,"<a href=""https://htmlpreview.github.io/?https://github.com/HERA-Team/H6C_Notebooks/blob/main/antenna_report/antenna_45_report.html"" target=""_blank"">45</a>",N05,digital_ok,0.0,0.0,0.0,0.0,-0.49865759600327214,3.405025282555805,0.20948603538618377,0.5805736239108649,-0.8505424660784471,1.4651006528775394,0.016223449301185012,1.776833747786575,0.6187572670840987,0.6281651208201848,0.3657409494823365
32,"<a href=""https://htmlpreview.github.io/?https://github.com/HERA-Team/H6C_Notebooks/blob/main/antenna_report/antenna_46_report.html"" target=""_blank"">46</a>",N05,RF_maintenance,0.0,0.0,0.0,0.0,-1.0827989333114074,-0.054481394449165776,-0.894751672204038,-0.8550769224768028,-0.8794708514057316,-0.38794748393445716,-0.7973710617344235,-1.07259351201246,0.6237943304061553,0.6446858623399055,0.3853423840195473
33,"<a href=""https://htmlpreview.github.io/?https://github.com/HERA-Team/H6C_Notebooks/blob/main/antenna_report/antenna_47_report.html"" target=""_blank"">47</a>",N06,not_connected,1.0,1.0,1.0,0.0,10.699233501813252,13.374602184836004,4.545584781204733,4.530155741245928,10.482398551581284,12.237635720756998,1.9585681970401936,0.0744080896805818,0.030696739629197937,0.05443666755098618,0.01615513979680456
34,"<a href=""https://htmlpreview.github.io/?https://github.com/HERA-Team/H6C_Notebooks/blob/main/antenna_report/antenna_48_report.html"" target=""_blank"">48</a>",N06,not_connected,0.0,0.0,0.0,0.0,0.033850417190063285,0.8571828075943733,0.6406682565020095,2.205753938734141,-0.30905354000409124,2.7172599277813037,-0.677211071370264,-2.1584200683498627,0.5907693861322216,0.6097371364356302,0.37896778169416434
35,"<a href=""https://htmlpreview.github.io/?https://github.com/HERA-Team/H6C_Notebooks/blob/main/antenna_report/antenna_49_report.html"" target=""_blank"">49</a>",N06,not_connected,0.0,0.0,0.0,0.0,0.09553094555674677,-0.09150824821562131,-1.0381461012309043,0.5817134895989384,1.208225104566375,-0.31576590386508385,0.07487051275106539,0.09591604342171264,0.542624107099399,0.5892875813780072,0.3807259732700487
36,"<a href=""https://htmlpreview.github.io/?https://github.com/HERA-Team/H6C_Notebooks/blob/main/antenna_report/antenna_50_report.html"" target=""_blank"">50</a>",N03,RF_maintenance,1.0,0.0,0.0,0.0,1.1505645049870994,5.60697377952626,0.3499466649388552,1.0913594559449589,1.2325980071172404,3.3249150091167086,20.434411825238033,64.07214739249834,0.5916293728859139,0.5754560256914124,0.37275008682604654
37,"<a href=""https://htmlpreview.github.io/?https://github.com/HERA-Team/H6C_Notebooks/blob/main/antenna_report/antenna_51_report.html"" target=""_blank"">51</a>",N03,dish_maintenance,1.0,0.0,0.0,0.0,9.708018528180412,3.916366140317056,0.25948492568657305,1.7317071043979086,4.6420772574175215,3.9537706414112552,52.44222791572579,2.046214470567548,0.5000959733376904,0.509272034479734,0.2536047952008488
38,"<a href=""https://htmlpreview.github.io/?https://github.com/HERA-Team/H6C_Notebooks/blob/main/antenna_report/antenna_52_report.html"" target=""_blank"">52</a>",N03,RF_maintenance,1.0,0.0,0.0,0.0,7.401195346613205,5.922222762054585,-0.4265269901967112,0.47510596364302143,0.5753447986512644,0.6286295169682953,1.9908665185622008,1.4142685626881208,0.6236091929294614,0.6326046876398385,0.3856001105601885
39,"<a href=""https://htmlpreview.github.io/?https://github.com/HERA-Team/H6C_Notebooks/blob/main/antenna_report/antenna_53_report.html"" target=""_blank"">53</a>",N03,digital_ok,0.0,0.0,0.0,0.0,0.853364372085812,2.7262082053133088,-1.5042234795318699,-1.352943339081064,2.9568613672778903,3.2739373491502555,2.628832272663707,2.8930021110289945,0.6357975322191375,0.6458530388779551,0.3904753497482036
40,"<a href=""https://htmlpreview.github.io/?https://github.com/HERA-Team/H6C_Notebooks/blob/main/antenna_report/antenna_54_report.html"" target=""_blank"">54</a>",N04,digital_ok,1.0,0.0,0.0,0.0,26.995752190542532,-0.6823942978491732,4.924182995919372,-0.8997259947146065,2.7618551056322937,6.224172907579554,7.424638153860772,1.8996576764685629,0.4558040272629938,0.6460408387965375,0.3845712842626032
41,"<a href=""https://htmlpreview.github.io/?https://github.com/HERA-Team/H6C_Notebooks/blob/main/antenna_report/antenna_55_report.html"" target=""_blank"">55</a>",N04,digital_ok,1.0,1.0,1.0,0.0,10.157118129364049,12.84748628370612,10.01003862242311,10.51922636686447,10.42983388149486,12.317862187502232,0.631621446905519,1.8888202556624603,0.02939609091303628,0.0334521737570697,0.003748654077550354
42,"<a href=""https://htmlpreview.github.io/?https://github.com/HERA-Team/H6C_Notebooks/blob/main/antenna_report/antenna_56_report.html"" target=""_blank"">56</a>",N04,digital_ok,1.0,0.0,0.0,0.0,-0.460529859668029,-0.10951115618310991,-0.7593932829914708,1.333634903030392,5.106169095208854,6.430325588449895,0.07994209033429427,2.4322176791760226,0.6436760949179309,0.6504440615367498,0.37115355395341343
43,"<a href=""https://htmlpreview.github.io/?https://github.com/HERA-Team/H6C_Notebooks/blob/main/antenna_report/antenna_57_report.html"" target=""_blank"">57</a>",N04,RF_maintenance,1.0,0.0,0.0,0.0,20.5101681149801,3.3884493331825967,8.47821802663385,-1.3612043472609752,6.562876434008162,6.2701833655858294,20.429393032554703,5.055491438143418,0.38968781107633027,0.6528802518951474,0.40993390842796945
44,"<a href=""https://htmlpreview.github.io/?https://github.com/HERA-Team/H6C_Notebooks/blob/main/antenna_report/antenna_58_report.html"" target=""_blank"">58</a>",N05,RF_maintenance,1.0,1.0,1.0,0.0,9.510169713411711,12.460506705234987,10.467693617546162,11.112797844772304,10.3436477358006,12.284448167587533,1.0648663845608843,0.7049914203619858,0.036873433322382757,0.03642295353416776,0.0014720333777682594
45,"<a href=""https://htmlpreview.github.io/?https://github.com/HERA-Team/H6C_Notebooks/blob/main/antenna_report/antenna_59_report.html"" target=""_blank"">59</a>",N05,RF_maintenance,1.0,1.0,0.0,0.0,10.337725496043358,0.6549321958175502,9.998935297747233,0.9514084570727902,10.157227097509198,1.4923851226343783,-0.08781129282209668,5.441270036874984,0.048070628838304784,0.6323161556890764,0.49717317008714706
46,"<a href=""https://htmlpreview.github.io/?https://github.com/HERA-Team/H6C_Notebooks/blob/main/antenna_report/antenna_60_report.html"" target=""_blank"">60</a>",N05,RF_maintenance,1.0,0.0,1.0,0.0,1.9527937444084542,12.367424262133936,-0.4387564120352176,11.14035159537885,-0.4707477960753342,12.311862848446149,0.5224889801053284,2.1338499057666955,0.6193500792338441,0.066813054301104,0.49923968865401985
47,"<a href=""https://htmlpreview.github.io/?https://github.com/HERA-Team/H6C_Notebooks/blob/main/antenna_report/antenna_61_report.html"" target=""_blank"">61</a>",N06,not_connected,0.0,0.0,0.0,0.0,2.5893761724577895,0.2780650580694018,-0.7010956844205883,-1.5425756424385808,1.8219410181743911,-1.2861288117896807,-0.8557508887120793,-0.08131475352552736,0.5674143543921011,0.5978431973386187,0.36641681849575974
48,"<a href=""https://htmlpreview.github.io/?https://github.com/HERA-Team/H6C_Notebooks/blob/main/antenna_report/antenna_62_report.html"" target=""_blank"">62</a>",N06,not_connected,0.0,0.0,0.0,0.0,0.18682606469581406,0.5109763204679331,-1.2968892523275877,1.4450249798048862,-0.073102338749711,0.03195263389893916,2.609703224053149,-0.953101374585035,0.5671416714777986,0.6082905203883697,0.3794888271071486
49,"<a href=""https://htmlpreview.github.io/?https://github.com/HERA-Team/H6C_Notebooks/blob/main/antenna_report/antenna_63_report.html"" target=""_blank"">63</a>",N06,not_connected,1.0,0.0,1.0,0.0,0.032117536820871685,12.874285640097227,-0.15838888181320782,4.9582244292497695,0.8393554669907045,12.416264938143884,-0.5602661396153046,1.754093741583765,0.590862991501088,0.04560829260885444,0.47128015716713373
50,"<a href=""https://htmlpreview.github.io/?https://github.com/HERA-Team/H6C_Notebooks/blob/main/antenna_report/antenna_64_report.html"" target=""_blank"">64</a>",N06,not_connected,0.0,0.0,0.0,0.0,-0.016514008096932223,0.31136428523379167,-0.6993988499710739,-1.024494857284084,-0.608676717629845,-0.16496634317912093,2.2285278706322424,0.20137220559432825,0.5738619735957996,0.5643321168862625,0.3604374378984849
51,"<a href=""https://htmlpreview.github.io/?https://github.com/HERA-Team/H6C_Notebooks/blob/main/antenna_report/antenna_65_report.html"" target=""_blank"">65</a>",N03,digital_ok,0.0,0.0,0.0,0.0,0.5257410922343755,1.13704146445072,0.4736867428482065,1.0946335407906662,-0.5407043812886986,0.7451867424323051,1.2322107911197362,-0.2869585239351066,0.6003694515118058,0.617159083211458,0.397251520635721
52,"<a href=""https://htmlpreview.github.io/?https://github.com/HERA-Team/H6C_Notebooks/blob/main/antenna_report/antenna_66_report.html"" target=""_blank"">66</a>",N03,digital_ok,0.0,0.0,0.0,0.0,0.6470609432738419,1.3143568403371937,-1.389504605035472,-1.3846706695459194,2.5480623861723943,-0.6420116634590745,-0.7166968598459488,-0.42422442793636256,0.6165158695703725,0.6347131681361831,0.3962002751091569
53,"<a href=""https://htmlpreview.github.io/?https://github.com/HERA-Team/H6C_Notebooks/blob/main/antenna_report/antenna_67_report.html"" target=""_blank"">67</a>",N03,digital_ok,0.0,0.0,0.0,0.0,-0.5234436869097706,1.9162636767086882,-0.23259627674076902,1.2728717744411826,-0.3905652990995189,0.20488321054095365,-0.01770373208106497,1.7433963048163004,0.6282660893171116,0.6252565462508889,0.3822198079294082
54,"<a href=""https://htmlpreview.github.io/?https://github.com/HERA-Team/H6C_Notebooks/blob/main/antenna_report/antenna_68_report.html"" target=""_blank"">68</a>",N03,dish_maintenance,1.0,0.0,1.0,0.0,18.428533300561583,25.678124792511163,1.0392167881742078,14.623182518017291,5.543055135555273,12.237272456550054,-0.36825030976253903,7.769199151520079,0.36704467778830596,0.030866097951596266,0.27672738345523856
55,"<a href=""https://htmlpreview.github.io/?https://github.com/HERA-Team/H6C_Notebooks/blob/main/antenna_report/antenna_69_report.html"" target=""_blank"">69</a>",N04,digital_ok,0.0,0.0,0.0,0.0,0.7464722883285456,-0.31775201117965457,0.3123245137621898,0.7603473123296521,-0.3855575691308386,1.3975313517670753,-0.6436960175513343,-0.6072158714589577,0.6246181155828583,0.6447635441105182,0.36846862987110807
56,"<a href=""https://htmlpreview.github.io/?https://github.com/HERA-Team/H6C_Notebooks/blob/main/antenna_report/antenna_70_report.html"" target=""_blank"">70</a>",N04,digital_ok,0.0,0.0,0.0,0.0,0.32031059113897836,-0.21698089317827535,-0.1244008439329582,0.012761865177761199,0.5567497943627633,1.1840207439639374,0.03402265641857053,-0.2354012469996694,0.6361457061376605,0.6502666555057364,0.36747951858974387
57,"<a href=""https://htmlpreview.github.io/?https://github.com/HERA-Team/H6C_Notebooks/blob/main/antenna_report/antenna_71_report.html"" target=""_blank"">71</a>",N04,digital_ok,1.0,0.0,0.0,0.0,7.410194902771224,-0.4514926197961455,0.6925354364051163,0.95629501379859,0.4257409300934205,-0.8287181928004106,0.8347994984539676,0.6720945813448471,0.6465414032413281,0.6561399722454634,0.36444421469787885
58,"<a href=""https://htmlpreview.github.io/?https://github.com/HERA-Team/H6C_Notebooks/blob/main/antenna_report/antenna_72_report.html"" target=""_blank"">72</a>",N04,digital_ok,1.0,1.0,1.0,0.0,10.525633323992535,13.557474945690089,10.994190178784818,11.546159833950455,10.214238558143718,12.117713970742978,0.6693665151466914,0.835591456685597,0.03589599799365303,0.03956875344985337,0.004785979887892894
59,"<a href=""https://htmlpreview.github.io/?https://github.com/HERA-Team/H6C_Notebooks/blob/main/antenna_report/antenna_73_report.html"" target=""_blank"">73</a>",N05,RF_maintenance,0.0,0.0,0.0,0.0,-0.7066540463529021,0.7508673093761647,-1.444595265417595,-1.2295875704918005,0.8245926407724534,-0.6383832274391942,-0.6486119053493542,-0.7922320782913738,0.6422600129120297,0.6533432054149314,0.3691727384772002
60,"<a href=""https://htmlpreview.github.io/?https://github.com/HERA-Team/H6C_Notebooks/blob/main/antenna_report/antenna_74_report.html"" target=""_blank"">74</a>",N05,RF_maintenance,0.0,0.0,0.0,0.0,-1.2129405680360494,-0.11519229630868305,0.036705369161681975,-0.6650458336589223,0.012510148325599801,1.0317687186088602,-0.8386021591685218,3.394905432155522,0.6408291855083429,0.6489467142155301,0.3693525378345305
61,"<a href=""https://htmlpreview.github.io/?https://github.com/HERA-Team/H6C_Notebooks/blob/main/antenna_report/antenna_77_report.html"" target=""_blank"">77</a>",N06,not_connected,1.0,0.0,0.0,0.0,49.559530879314906,13.13917633339724,0.6205590871229278,-0.46824388440814735,4.92497235156868,6.993290205799527,7.544838465883168,24.596213727544864,0.3258437289075329,0.5383021704566362,0.34254768960149673
62,"<a href=""https://htmlpreview.github.io/?https://github.com/HERA-Team/H6C_Notebooks/blob/main/antenna_report/antenna_78_report.html"" target=""_blank"">78</a>",N06,not_connected,1.0,0.0,0.0,0.0,31.14195744713664,-0.23566342103562918,-0.38182694555527147,1.374338421208992,2.7552791380409403,0.3010922332254131,3.061327329739354,1.2392644833580615,0.42445776363565857,0.6160285584350713,0.373758378958039
63,"<a href=""https://htmlpreview.github.io/?https://github.com/HERA-Team/H6C_Notebooks/blob/main/antenna_report/antenna_79_report.html"" target=""_blank"">79</a>",N11,not_connected,1.0,0.0,1.0,0.0,1.706058218176968,13.163846129773432,-1.4864499831099758,4.989044075397864,-0.3796596576740548,12.233402509264835,0.8394756814899088,-0.639142584875916,0.5830778885339511,0.04152010608071198,0.4529243305344207
64,"<a href=""https://htmlpreview.github.io/?https://github.com/HERA-Team/H6C_Notebooks/blob/main/antenna_report/antenna_80_report.html"" target=""_blank"">80</a>",N11,not_connected,1.0,0.0,1.0,0.0,-0.5324089692933222,13.960493802244182,0.49555295191715837,4.882082653384033,-0.6877556833593945,12.264808334662947,-0.8499005129007604,0.6474819620727263,0.5972525888921175,0.049126697532575286,0.471391828418987
65,"<a href=""https://htmlpreview.github.io/?https://github.com/HERA-Team/H6C_Notebooks/blob/main/antenna_report/antenna_81_report.html"" target=""_blank"">81</a>",N07,digital_ok,1.0,0.0,1.0,0.0,-0.23789156930075692,13.210799076797368,0.1600211813062204,9.676334194799082,-0.5444979053653632,11.957969585419828,0.5868387436071045,0.8843461237677688,0.5775895440258998,0.03964999827557643,0.4479022727778244
66,"<a href=""https://htmlpreview.github.io/?https://github.com/HERA-Team/H6C_Notebooks/blob/main/antenna_report/antenna_82_report.html"" target=""_blank"">82</a>",N07,RF_maintenance,0.0,0.0,0.0,0.0,2.4421184401384797,-0.3084602596540081,0.48374763873306414,2.2563236206761714,-0.6228540668045339,-0.9606095043719997,-0.32419927140461735,2.0255964254902303,0.5990305515300646,0.6015659274168332,0.376564051739398
67,"<a href=""https://htmlpreview.github.io/?https://github.com/HERA-Team/H6C_Notebooks/blob/main/antenna_report/antenna_83_report.html"" target=""_blank"">83</a>",N07,digital_ok,0.0,0.0,0.0,0.0,-0.39769044146968974,-0.0680273513858604,0.2739074233903206,0.3368788053048702,-0.011489479322279079,-0.149439463143771,-0.7818561461316494,-0.02544342649069015,0.611980041870081,0.6273490764748253,0.3817942248580847
68,"<a href=""https://htmlpreview.github.io/?https://github.com/HERA-Team/H6C_Notebooks/blob/main/antenna_report/antenna_84_report.html"" target=""_blank"">84</a>",N08,RF_maintenance,1.0,0.7228525121555915,1.0,0.0,18.683396522371982,22.790217723310313,13.596567340427443,14.15077284409171,8.83233430276515,12.221605666088971,2.9317162164684176,3.456963912983227,0.19475737061489334,0.037857438467066594,0.1233608323448682
69,"<a href=""https://htmlpreview.github.io/?https://github.com/HERA-Team/H6C_Notebooks/blob/main/antenna_report/antenna_85_report.html"" target=""_blank"">85</a>",N08,digital_ok,0.0,0.0,0.0,0.0,-0.18619019227411418,0.4246005226341949,1.5640457667211647,1.4325828519439647,-0.2432198851274855,-0.3195999042073167,-0.6700292075616953,-0.6097320567437596,0.624716115484265,0.6406725993559933,0.3714910273250884
70,"<a href=""https://htmlpreview.github.io/?https://github.com/HERA-Team/H6C_Notebooks/blob/main/antenna_report/antenna_86_report.html"" target=""_blank"">86</a>",N08,digital_ok,1.0,0.0,0.0,0.0,1.5151467701242025,-0.17686014108171672,1.4972662562864016,1.7476593282928103,3.496288861170206,-0.7739441310523626,0.2346480561231253,18.66679804836376,0.6164566356498031,0.6367027354593093,0.3550234180806666
71,"<a href=""https://htmlpreview.github.io/?https://github.com/HERA-Team/H6C_Notebooks/blob/main/antenna_report/antenna_87_report.html"" target=""_blank"">87</a>",N08,RF_maintenance,1.0,0.0,0.0,0.0,3.3438452912165744,5.813634574942201,-0.6728288079769394,-0.48609711899673574,1.6469217659497315,0.9135975186227719,15.92000947687735,13.007302535820225,0.6390690665368092,0.6608498720394381,0.3599536244315323
72,"<a href=""https://htmlpreview.github.io/?https://github.com/HERA-Team/H6C_Notebooks/blob/main/antenna_report/antenna_88_report.html"" target=""_blank"">88</a>",N09,digital_ok,0.0,0.0,0.0,0.0,0.6050575882936543,0.020899070174658377,0.4722702029432824,0.7196398285198843,-0.46285718129913583,-0.7717463652076422,1.829718222470461,0.2247194182367561,0.638168634932444,0.6524042547118155,0.3595606167709366
73,"<a href=""https://htmlpreview.github.io/?https://github.com/HERA-Team/H6C_Notebooks/blob/main/antenna_report/antenna_89_report.html"" target=""_blank"">89</a>",N09,RF_maintenance,0.0,0.0,0.0,0.0,1.0664549861665302,0.21275292862340756,0.07516354176288914,0.8339282573391401,-0.4544345066270784,-0.7789123025071123,-0.765714725339207,-0.5236441284001441,0.6421472044816966,0.6531382652272868,0.361903766305455
74,"<a href=""https://htmlpreview.github.io/?https://github.com/HERA-Team/H6C_Notebooks/blob/main/antenna_report/antenna_90_report.html"" target=""_blank"">90</a>",N09,RF_maintenance,1.0,0.0,0.0,0.0,0.14389358304036146,-0.23733190181101066,-1.3945885026436755,-0.8558722394581745,3.2572975541529727,5.439871258598737,-0.42792649123056886,3.1867537617574855,0.6459919687330143,0.6568101886435188,0.36801495829779696
75,"<a href=""https://htmlpreview.github.io/?https://github.com/HERA-Team/H6C_Notebooks/blob/main/antenna_report/antenna_91_report.html"" target=""_blank"">91</a>",N09,digital_ok,0.0,0.0,0.0,0.0,-0.36630486363610787,-0.18031357142738813,-0.1938037175675188,-0.4504993454638296,-0.643225748202456,-1.0188658845517768,0.861682658061003,0.040686580469899085,0.6325176256148128,0.6500185936839721,0.3751176148282297
76,"<a href=""https://htmlpreview.github.io/?https://github.com/HERA-Team/H6C_Notebooks/blob/main/antenna_report/antenna_92_report.html"" target=""_blank"">92</a>",N10,RF_maintenance,1.0,0.0,0.15937331172339275,0.0,32.437436199633765,35.10839132161489,0.4551520941138763,1.503454655422156,6.065584262929309,5.427233808071323,0.6003442443288722,7.369235954426159,0.2873482792863558,0.2484694052812625,0.06406883671667449
77,"<a href=""https://htmlpreview.github.io/?https://github.com/HERA-Team/H6C_Notebooks/blob/main/antenna_report/antenna_93_report.html"" target=""_blank"">93</a>",N10,digital_ok,0.0,0.0,0.0,0.0,1.564592208819898,-0.44329376293685047,2.4377370601477417,-1.256578998370896,1.6579409297329357,0.04611359738533208,2.671656305160883,0.04916429805029813,0.61975521571864,0.6392662285132171,0.38207061819724847
78,"<a href=""https://htmlpreview.github.io/?https://github.com/HERA-Team/H6C_Notebooks/blob/main/antenna_report/antenna_94_report.html"" target=""_blank"">94</a>",N10,digital_ok,1.0,1.0,1.0,0.0,10.84474698458239,12.842517679827923,10.709470681771561,10.999376604060616,10.381474231143349,12.299344712597295,0.4707831717326941,0.15502239474864957,0.03361336363723787,0.02690885601133501,0.003290370225571683
79,"<a href=""https://htmlpreview.github.io/?https://github.com/HERA-Team/H6C_Notebooks/blob/main/antenna_report/antenna_95_report.html"" target=""_blank"">95</a>",N11,not_connected,0.0,0.0,0.0,0.0,3.497078747638306,3.4941794536762854,-0.8337162435467614,1.1467333698759155,0.38313412499681154,0.8954050913186318,-0.2337688994051018,0.5995454139454035,0.5690808404437211,0.5970928977860062,0.35161743320109345
80,"<a href=""https://htmlpreview.github.io/?https://github.com/HERA-Team/H6C_Notebooks/blob/main/antenna_report/antenna_96_report.html"" target=""_blank"">96</a>",N11,not_connected,1.0,0.0,0.0,1.0,24.275695724467912,2.610224936763943,0.9689933308506563,3.3726806536469005,10.647848352209374,10.472750770759484,1.1450691716881596,-1.3352053711296887,0.24906498950647296,0.22120283414604042,-0.26209025551734955
81,"<a href=""https://htmlpreview.github.io/?https://github.com/HERA-Team/H6C_Notebooks/blob/main/antenna_report/antenna_97_report.html"" target=""_blank"">97</a>",N11,not_connected,1.0,0.0,0.0,0.0,-0.8107167199651175,5.84946848542405,-0.9563663355693682,1.4273299599220894,0.9037194204281856,4.6175889033678095,0.08365202713210698,6.486844118602531,0.5756911512940611,0.5241023576250617,0.3745828607981011
82,"<a href=""https://htmlpreview.github.io/?https://github.com/HERA-Team/H6C_Notebooks/blob/main/antenna_report/antenna_101_report.html"" target=""_blank"">101</a>",N08,digital_ok,1.0,0.0,0.0,0.0,7.983231092067429,8.174635667629898,-0.3653356744832953,1.197766566587273,-0.1958570375022407,1.593242883803241,0.6546220079115217,1.0223840464875233,0.6297833955417177,0.6408405457661984,0.37479799981418616
83,"<a href=""https://htmlpreview.github.io/?https://github.com/HERA-Team/H6C_Notebooks/blob/main/antenna_report/antenna_102_report.html"" target=""_blank"">102</a>",N08,RF_maintenance,1.0,0.0,0.0,0.0,-0.5025043491001295,1.2930935672418034,-1.4302194443399918,-0.9868322540029151,0.25552372544607,1.1180231891306982,-0.5416224854646617,7.150442175330228,0.6399528513037557,0.6505603443846537,0.37142681722803456
84,"<a href=""https://htmlpreview.github.io/?https://github.com/HERA-Team/H6C_Notebooks/blob/main/antenna_report/antenna_103_report.html"" target=""_blank"">103</a>",N08,digital_ok,1.0,0.0,0.0,0.0,2.0323509523402574,5.0422149042296445,1.4603912303711426,-1.2132299751550144,20.131309284863615,0.6238875632724149,5.313681300116488,2.705090298655631,0.6324648970185778,0.6569293972780621,0.3687968603652751
85,"<a href=""https://htmlpreview.github.io/?https://github.com/HERA-Team/H6C_Notebooks/blob/main/antenna_report/antenna_104_report.html"" target=""_blank"">104</a>",N08,RF_maintenance,1.0,0.15180983252296057,0.004862236628849271,0.0,12.222618832365074,49.642935590063615,-1.1564352584036695,6.956978837378566,20.269734332394375,51.65438571534034,189.2401558510726,390.9180165164171,0.5358225262588544,0.5922567415766807,0.3377110070316582
86,"<a href=""https://htmlpreview.github.io/?https://github.com/HERA-Team/H6C_Notebooks/blob/main/antenna_report/antenna_105_report.html"" target=""_blank"">105</a>",N09,digital_ok,0.0,0.0,0.0,0.0,-0.6889398300955247,-0.20069454370977735,-0.3486968063493083,0.1816882778532885,-0.020966367802589342,-0.9692220941713405,-0.8004520069827308,-0.46469618196928075,0.6432562542963877,0.6535529097332035,0.3592312818994637
87,"<a href=""https://htmlpreview.github.io/?https://github.com/HERA-Team/H6C_Notebooks/blob/main/antenna_report/antenna_106_report.html"" target=""_blank"">106</a>",N09,digital_ok,0.0,0.0,0.0,0.0,1.5448152074826584,1.2487520189333483,-1.4136782549739566,-0.6615535463693333,0.4929551127891499,-1.0361527117643974,-0.4178568796532472,0.22786583036763314,0.6459393691629823,0.6572614842295277,0.3597322288551251
88,"<a href=""https://htmlpreview.github.io/?https://github.com/HERA-Team/H6C_Notebooks/blob/main/antenna_report/antenna_107_report.html"" target=""_blank"">107</a>",N09,digital_ok,1.0,0.0,0.0,0.0,2.1136070310069344,2.9040044494500785,-0.7875893657235743,-1.1722972728876682,0.4856201730755912,0.0655979896375489,5.54512174572797,5.305400032175923,0.6429053079789789,0.6562079317774765,0.36021664340186166
89,"<a href=""https://htmlpreview.github.io/?https://github.com/HERA-Team/H6C_Notebooks/blob/main/antenna_report/antenna_108_report.html"" target=""_blank"">108</a>",N09,RF_maintenance,1.0,1.0,0.0,0.0,9.975201308416462,39.57834089007784,10.50728605124768,1.0846102652976897,10.447329516119975,5.4275803584509115,0.9178557834903501,6.561492455957549,0.03649547466272141,0.2829369027687934,0.15810844551811398
90,"<a href=""https://htmlpreview.github.io/?https://github.com/HERA-Team/H6C_Notebooks/blob/main/antenna_report/antenna_109_report.html"" target=""_blank"">109</a>",N10,digital_ok,1.0,1.0,1.0,0.0,9.804343235470563,12.433441646652277,10.539914996100773,10.847937227834038,10.508808517312609,12.382364613691372,-0.0005812478173209918,1.1519105037469195,0.02833203931720687,0.026010674988373707,0.0019667782498373706
91,"<a href=""https://htmlpreview.github.io/?https://github.com/HERA-Team/H6C_Notebooks/blob/main/antenna_report/antenna_110_report.html"" target=""_blank"">110</a>",N10,RF_maintenance,1.0,1.0,1.0,0.0,24.058227810520428,24.438393033373803,14.069561415918095,14.374434086556075,10.351951692984736,12.072185570151682,3.1028793260183622,3.2908651409393705,0.023401898465593676,0.025541208535430064,0.0012927436103607915
92,"<a href=""https://htmlpreview.github.io/?https://github.com/HERA-Team/H6C_Notebooks/blob/main/antenna_report/antenna_111_report.html"" target=""_blank"">111</a>",N10,digital_ok,1.0,0.0,1.0,0.0,27.135943295543502,12.517517940597775,2.8137368435742047,10.783913668117632,5.2621071254890825,11.976767135971162,1.6155838555893156,1.2803157489260018,0.30188935968541214,0.08473893112731255,0.17302160153820995
93,"<a href=""https://htmlpreview.github.io/?https://github.com/HERA-Team/H6C_Notebooks/blob/main/antenna_report/antenna_112_report.html"" target=""_blank"">112</a>",N10,digital_ok,0.0,0.0,0.0,0.0,0.7034012282387611,-0.47511719907577915,0.2790341826442096,0.18793823516430078,0.8202328829417074,2.752720965240294,0.603089854368356,-0.7213385942042605,0.6199464660325629,0.6315178184249807,0.3860665941899874
94,"<a href=""https://htmlpreview.github.io/?https://github.com/HERA-Team/H6C_Notebooks/blob/main/antenna_report/antenna_113_report.html"" target=""_blank"">113</a>",N11,not_connected,1.0,1.0,1.0,0.0,11.793561633003835,13.69437841122852,4.268202107786362,4.984150778347031,10.290422609186967,12.21109353337857,0.975386482009209,0.057198739579516364,0.03730988972344404,0.031049101373347727,0.0033076835769897364
95,"<a href=""https://htmlpreview.github.io/?https://github.com/HERA-Team/H6C_Notebooks/blob/main/antenna_report/antenna_114_report.html"" target=""_blank"">114</a>",N11,not_connected,1.0,1.0,1.0,0.0,14.02514958424281,11.234916821292991,15.16135760653819,12.096509597312744,10.577190721268785,12.453056534535886,191.00738542965473,132.18291118437523,0.02381350151697473,0.029154335603175527,0.0032262525118633956
96,"<a href=""https://htmlpreview.github.io/?https://github.com/HERA-Team/H6C_Notebooks/blob/main/antenna_report/antenna_115_report.html"" target=""_blank"">115</a>",N11,not_connected,0.0,0.0,0.0,0.0,-0.8596376653745517,-0.6733495066984355,-0.9895795002853026,-0.3061606066040836,0.011489479322279079,-1.374242948154312,-0.30116540583672236,0.05241391510780444,0.5643704138064203,0.5900999443265843,0.3833414787847281
97,"<a href=""https://htmlpreview.github.io/?https://github.com/HERA-Team/H6C_Notebooks/blob/main/antenna_report/antenna_117_report.html"" target=""_blank"">117</a>",N07,RF_maintenance,1.0,1.0,1.0,0.0,10.785652660206427,13.842499700948956,10.65459207391803,11.498216160510468,10.28435105135599,12.293215759660667,0.4677032174799748,2.682105259115879,0.028867555775072735,0.033873452463088094,0.0035330272921499976
98,"<a href=""https://htmlpreview.github.io/?https://github.com/HERA-Team/H6C_Notebooks/blob/main/antenna_report/antenna_118_report.html"" target=""_blank"">118</a>",N07,digital_ok,0.0,0.0,0.0,0.0,-0.07664312545940005,1.4271741485341216,-0.1662941375970094,0.5082603632595233,-0.31350084606762546,-0.14617711308355175,-0.1460042892985354,0.7249479666769547,0.6100865877451478,0.6274873374150547,0.38895978373229
99,"<a href=""https://htmlpreview.github.io/?https://github.com/HERA-Team/H6C_Notebooks/blob/main/antenna_report/antenna_120_report.html"" target=""_blank"">120</a>",N08,RF_maintenance,1.0,0.0,0.0,0.0,3.941829957593229,1.9062055768957273,2.959009064264925,-1.0670802661757557,-0.3438787829570125,0.7851558136903908,1.5996416763689032,0.2993949594932265,0.6205413517832055,0.6530512049388089,0.3795594564324927
100,"<a href=""https://htmlpreview.github.io/?https://github.com/HERA-Team/H6C_Notebooks/blob/main/antenna_report/antenna_121_report.html"" target=""_blank"">121</a>",N08,digital_ok,1.0,0.0,0.0,0.0,2.1012255883517197,2.963622814450887,-1.4012743277295978,6.311893684325134,1.0712299231273483,-0.6399447059408105,2.9169744304939798,14.583154550877097,0.6429496667542711,0.6270209416387473,0.36320886738015995
101,"<a href=""https://htmlpreview.github.io/?https://github.com/HERA-Team/H6C_Notebooks/blob/main/antenna_report/antenna_122_report.html"" target=""_blank"">122</a>",N08,digital_ok,1.0,0.0,0.0,0.0,3.6749622200546455,6.595502240569336,-1.3529126033950598,-1.3102339940044683,2.907223730750094,4.001781193123031,-0.3909570161921782,-0.7994128599886438,0.6384983035490845,0.6625738790464571,0.37010196578613314
102,"<a href=""https://htmlpreview.github.io/?https://github.com/HERA-Team/H6C_Notebooks/blob/main/antenna_report/antenna_123_report.html"" target=""_blank"">123</a>",N08,digital_ok,1.0,0.0,0.0,0.0,6.645577391704609,8.358543852594503,0.8740207233933486,0.973500666868915,0.0040188857417159446,-0.07445817588133584,-0.23035119798723838,0.6394400743580345,0.6520575679299596,0.6625696685127984,0.3688628696159977
103,"<a href=""https://htmlpreview.github.io/?https://github.com/HERA-Team/H6C_Notebooks/blob/main/antenna_report/antenna_124_report.html"" target=""_blank"">124</a>",N09,digital_ok,0.0,0.0,0.0,0.0,0.03015953276764877,-0.1441574516398058,0.042204498508021195,0.6106900474130424,-0.8484518414898178,0.036621851845967814,1.1842093346707516,0.6280706037084229,0.6507018406843549,0.6629170070406313,0.3699335091965138
104,"<a href=""https://htmlpreview.github.io/?https://github.com/HERA-Team/H6C_Notebooks/blob/main/antenna_report/antenna_125_report.html"" target=""_blank"">125</a>",N09,RF_maintenance,1.0,0.0,0.0,0.0,3.903721914997914,1.2914484573425487,-0.36909275629593763,0.7415103924186879,1.3759374949337997,0.7689864168279351,1.852642819057054,1.057534260064778,0.6444029233194153,0.653361287382256,0.36008794338849726
105,"<a href=""https://htmlpreview.github.io/?https://github.com/HERA-Team/H6C_Notebooks/blob/main/antenna_report/antenna_126_report.html"" target=""_blank"">126</a>",N09,RF_maintenance,1.0,0.0,0.0,0.0,0.4679725274679924,-0.8946468059700133,-1.2647978471859014,1.0029036818070745,2.8935354651809897,2.139376685657594,9.05155697344289,6.625472627372541,0.6409196368635222,0.6480066179156152,0.368623311778082
106,"<a href=""https://htmlpreview.github.io/?https://github.com/HERA-Team/H6C_Notebooks/blob/main/antenna_report/antenna_127_report.html"" target=""_blank"">127</a>",N10,digital_ok,0.0,0.0,0.0,0.0,1.5598439761570786,0.17640132055411104,0.6270716782652989,0.3765849418941241,1.18807226516092,0.7433520267886732,0.5283492615140094,2.1191282768384747,0.6370737241471347,0.6542494567295614,0.3760032314065353
107,"<a href=""https://htmlpreview.github.io/?https://github.com/HERA-Team/H6C_Notebooks/blob/main/antenna_report/antenna_128_report.html"" target=""_blank"">128</a>",N10,digital_ok,1.0,0.0,1.0,0.0,0.31495528339365764,11.973931846172881,0.9536052005218125,11.116707355940868,7.63481521105967,12.238691211100289,-0.5201133046656691,0.984531795222439,0.636861223090537,0.040192400839151245,0.4706719068551512
108,"<a href=""https://htmlpreview.github.io/?https://github.com/HERA-Team/H6C_Notebooks/blob/main/antenna_report/antenna_131_report.html"" target=""_blank"">131</a>",N11,not_connected,1.0,0.0,0.031874662344678555,0.0,-0.8085823550694148,12.187279372057612,0.12951545425280692,4.791358705226813,-1.0568251296880502,10.81649538236504,-0.895509049296676,-0.3249459639361547,0.6076586316086302,0.28441294013173146,0.42697189877362457
109,"<a href=""https://htmlpreview.github.io/?https://github.com/HERA-Team/H6C_Notebooks/blob/main/antenna_report/antenna_132_report.html"" target=""_blank"">132</a>",N11,not_connected,0.0,0.0,0.0,0.0,-0.5137169404647995,2.7205844714587264,-0.21000417798754598,-1.3976128773549814,1.4555759723538377,-0.3686332475283081,0.31827393520360364,-0.022344210947786696,0.5856193652643573,0.5843955249386243,0.36820299553458813
110,"<a href=""https://htmlpreview.github.io/?https://github.com/HERA-Team/H6C_Notebooks/blob/main/antenna_report/antenna_133_report.html"" target=""_blank"">133</a>",N11,not_connected,1.0,0.0,0.0,0.0,-0.3067530172595051,-0.8787571576697634,-1.427468082764963,-0.1268499848733604,0.11263745790162392,7.995322472103232,-0.6115564646820335,0.6994752453054601,0.5685638440429813,0.601136812795995,0.3908631956716522
111,"<a href=""https://htmlpreview.github.io/?https://github.com/HERA-Team/H6C_Notebooks/blob/main/antenna_report/antenna_134_report.html"" target=""_blank"">134</a>",N11,not_connected,1.0,1.0,1.0,0.0,11.437222655958065,13.66503129991611,4.440711480267517,4.960864362663421,10.270406425284326,12.241177479522745,-0.1356560991949622,0.23545783390538527,0.04230620052482132,0.036298823566619315,0.0031339949767100928
112,"<a href=""https://htmlpreview.github.io/?https://github.com/HERA-Team/H6C_Notebooks/blob/main/antenna_report/antenna_135_report.html"" target=""_blank"">135</a>",N12,RF_maintenance,1.0,0.0,0.0,0.0,3.440074178820388,-1.2048420440741745,-0.9935049703847189,-1.4130056941473292,2.3939915685368485,0.3233885773848892,11.718334326621376,0.10466142233246144,0.5682826341694567,0.6057903401426871,0.40143628424842337
113,"<a href=""https://htmlpreview.github.io/?https://github.com/HERA-Team/H6C_Notebooks/blob/main/antenna_report/antenna_136_report.html"" target=""_blank"">136</a>",N12,digital_ok,1.0,1.0,0.0,0.0,9.154665398561349,-0.31482152170753264,10.098912155978613,-0.9140969339527409,10.471258079037536,0.2879311154235005,0.8728006076165356,-0.7055121560082029,0.04256554161248115,0.608597343279187,0.45934303807440974
114,"<a href=""https://htmlpreview.github.io/?https://github.com/HERA-Team/H6C_Notebooks/blob/main/antenna_report/antenna_137_report.html"" target=""_blank"">137</a>",N07,RF_maintenance,0.0,0.0,0.0,0.0,-0.17643527698227293,-0.5934673498986024,0.26293828817195514,-1.2628071574814037,1.5015743731987206,-0.7346062087246116,0.1433678922245375,0.010929330706041771,0.5898861874413773,0.622936646821892,0.39039395035511715
115,"<a href=""https://htmlpreview.github.io/?https://github.com/HERA-Team/H6C_Notebooks/blob/main/antenna_report/antenna_139_report.html"" target=""_blank"">139</a>",N13,RF_maintenance,0.0,0.0,0.0,0.0,0.8229446501464898,0.02424050259046716,1.7854729438836723,-0.7300606229444991,1.1956607368601275,-1.0838483026700214,-0.3658291435411096,0.3029415510434747,0.6180533735573699,0.622706594149481,0.3702754378983951
116,"<a href=""https://htmlpreview.github.io/?https://github.com/HERA-Team/H6C_Notebooks/blob/main/antenna_report/antenna_140_report.html"" target=""_blank"">140</a>",N13,digital_ok,1.0,0.0,0.0,0.0,2.4805796195492906,-1.1290012512458314,-1.328646186985363,0.0645461229584308,9.35950298336612,-0.41313185798452334,34.91650064410123,4.724154468758252,0.624032491884884,0.6512707055922095,0.3705715838570967
117,"<a href=""https://htmlpreview.github.io/?https://github.com/HERA-Team/H6C_Notebooks/blob/main/antenna_report/antenna_141_report.html"" target=""_blank"">141</a>",N13,digital_ok,0.0,0.0,0.0,0.0,-1.2826414647837454,-0.8274311924953655,-0.2270833026793736,0.9384422765558872,1.3224491991725078,-0.7066392095364189,1.0720049542749635,-0.9438591504834823,0.6376970357426958,0.6598567166365612,0.3700232597171063
118,"<a href=""https://htmlpreview.github.io/?https://github.com/HERA-Team/H6C_Notebooks/blob/main/antenna_report/antenna_142_report.html"" target=""_blank"">142</a>",N13,RF_maintenance,1.0,0.0,1.0,0.0,1.5528617612629592,12.412367923224503,-0.6227201869564893,11.145287355805307,2.4384062045694805,12.343256266426119,26.511627267727334,0.8984236895293789,0.632996599354648,0.04750913907453052,0.5137687022558135
119,"<a href=""https://htmlpreview.github.io/?https://github.com/HERA-Team/H6C_Notebooks/blob/main/antenna_report/antenna_143_report.html"" target=""_blank"">143</a>",N14,digital_ok,1.0,0.0,0.0,0.0,-0.6723791237540979,-0.8179052289295645,-1.4202212501010767,-1.4446606925140684,0.822840515356814,20.987213485971147,-0.42406475514188247,-0.2964789749176303,0.6525227891762223,0.6601805852857632,0.3688065107641213
120,"<a href=""https://htmlpreview.github.io/?https://github.com/HERA-Team/H6C_Notebooks/blob/main/antenna_report/antenna_144_report.html"" target=""_blank"">144</a>",N14,digital_ok,1.0,0.0,0.0,0.0,-0.0938089406965146,-0.3058993696916968,-1.2129629500651036,4.999386322176913,0.8481956062610649,26.860034337794406,-1.020315494368759,-0.16322398176298497,0.6539208167335857,0.6090535094563548,0.3842234194442283
121,"<a href=""https://htmlpreview.github.io/?https://github.com/HERA-Team/H6C_Notebooks/blob/main/antenna_report/antenna_145_report.html"" target=""_blank"">145</a>",N14,RF_maintenance,1.0,1.0,1.0,0.0,10.216636403358477,12.53205172004406,10.53038874438399,11.18504451616409,10.177579386642636,12.370010211844638,-0.04543997184531193,2.2405789009734556,0.075321171656763,0.03166487537459801,0.03294924779660333
122,"<a href=""https://htmlpreview.github.io/?https://github.com/HERA-Team/H6C_Notebooks/blob/main/antenna_report/antenna_146_report.html"" target=""_blank"">146</a>",N14,digital_ok,1.0,0.0,0.0,0.0,-0.24921913987107253,-0.4924722177644188,-0.6971777080384765,0.8868156283656502,8.987307954607365,0.4456864140998698,0.2761388978937687,-1.6978191055864056,0.6238066857402033,0.6513122814421312,0.3729294371833135
123,"<a href=""https://htmlpreview.github.io/?https://github.com/HERA-Team/H6C_Notebooks/blob/main/antenna_report/antenna_147_report.html"" target=""_blank"">147</a>",N15,digital_ok,0.0,0.0,0.0,0.0,-0.3982383812065486,-1.556515153777157,1.2400788679454582,2.4423407549702656,-0.4123560695556936,-0.8004971045003088,-0.019411689901359885,0.43030489476679107,0.6279053838882974,0.6333825136685044,0.36745370326447574
124,"<a href=""https://htmlpreview.github.io/?https://github.com/HERA-Team/H6C_Notebooks/blob/main/antenna_report/antenna_148_report.html"" target=""_blank"">148</a>",N15,digital_ok,0.0,0.0,0.0,0.0,-1.190065799862807,0.04207308298242012,-0.5768791686884328,-0.7009989853402109,1.3866196799166606,2.0440540421990803,-0.7345433709310581,-0.7884535524365643,0.6307458804870651,0.6452835773779759,0.3818848770572495
125,"<a href=""https://htmlpreview.github.io/?https://github.com/HERA-Team/H6C_Notebooks/blob/main/antenna_report/antenna_149_report.html"" target=""_blank"">149</a>",N15,digital_ok,0.0,0.0,0.0,0.0,0.035990745772790635,-1.3327037555709143,-1.2101265024017243,-1.2285121763470603,-0.6402419990649915,0.9539704516187124,0.9110223635684597,0.5642908942215917,0.624003949889773,0.639009347125173,0.3876317933880928
126,"<a href=""https://htmlpreview.github.io/?https://github.com/HERA-Team/H6C_Notebooks/blob/main/antenna_report/antenna_150_report.html"" target=""_blank"">150</a>",N15,digital_ok,0.0,0.0,0.0,0.0,-0.46240745181859344,-0.6411744813958764,-1.0944431108513237,-1.117729418140055,-1.147051384422404,0.29863310845799773,0.6176995899103163,1.3749387846794627,0.6159298531288426,0.628285957336139,0.3869720011518546
127,"<a href=""https://htmlpreview.github.io/?https://github.com/HERA-Team/H6C_Notebooks/blob/main/antenna_report/antenna_151_report.html"" target=""_blank"">151</a>",N16,digital_ok,1.0,0.0,0.0,0.0,12.08401589703651,1.2257779335771708,0.40487302540001285,0.43238577333188977,5.3568809762282985,-0.3610284353088985,7.753223230532842,-0.3607900208480285,0.5364580143794493,0.5682496903723471,0.3503826283494881
128,"<a href=""https://htmlpreview.github.io/?https://github.com/HERA-Team/H6C_Notebooks/blob/main/antenna_report/antenna_155_report.html"" target=""_blank"">155</a>",N12,RF_maintenance,1.0,1.0,0.0,0.0,9.571301692076263,-0.9522721893484323,10.263578428384788,-1.5374434270761155,10.506933657391349,-0.062257335224847325,1.3664818835538874,1.511270325479083,0.04361079487925671,0.6113368315085764,0.4705474104991163
129,"<a href=""https://htmlpreview.github.io/?https://github.com/HERA-Team/H6C_Notebooks/blob/main/antenna_report/antenna_156_report.html"" target=""_blank"">156</a>",N12,RF_maintenance,1.0,0.0,1.0,0.0,3.767135156829861,12.12197390791518,8.62862934543275,10.860085249316358,6.409223628822452,12.381350283916156,0.6403455184665386,1.2718608769016801,0.4209775189642149,0.04041124332399714,0.3253658226613373
130,"<a href=""https://htmlpreview.github.io/?https://github.com/HERA-Team/H6C_Notebooks/blob/main/antenna_report/antenna_157_report.html"" target=""_blank"">157</a>",N12,digital_ok,0.0,0.0,0.0,0.0,0.09193247366813152,-0.376054893206534,0.019350810984703808,0.6903661932365777,-0.5173160534637119,0.3952245982371147,-0.4243762710578715,-0.052360269470859123,0.5967533904149924,0.6205991547312459,0.38763600832724493
131,"<a href=""https://htmlpreview.github.io/?https://github.com/HERA-Team/H6C_Notebooks/blob/main/antenna_report/antenna_158_report.html"" target=""_blank"">158</a>",N12,digital_ok,1.0,0.0,0.0,0.0,-0.014352112627295889,0.001048925882619637,-0.06509570766851029,-0.5788109663987739,1.3922601988356702,2.105142128272261,1.4012357824650739,12.48084929311869,0.6116265544559011,0.6362323874745118,0.389705588236795
132,"<a href=""https://htmlpreview.github.io/?https://github.com/HERA-Team/H6C_Notebooks/blob/main/antenna_report/antenna_159_report.html"" target=""_blank"">159</a>",N13,RF_maintenance,1.0,0.0,0.0,0.0,0.4173405019113105,24.92529641515091,-1.485741254359987,-0.713067268808219,0.29552510018582934,6.2128679842839425,-0.4788756223454093,66.71491805398715,0.5838049700693211,0.5040284995196229,0.34784338907060003
133,"<a href=""https://htmlpreview.github.io/?https://github.com/HERA-Team/H6C_Notebooks/blob/main/antenna_report/antenna_160_report.html"" target=""_blank"">160</a>",N13,digital_ok,0.0,0.0,0.0,0.0,-0.4823798492088156,-1.0858416983666668,-0.251752687925295,-0.7648829884197478,-0.46642143286785165,1.6443278323353376,0.5838011354112616,0.3334071420369982,0.6263902729691145,0.6431961445658065,0.3757395991193254
134,"<a href=""https://htmlpreview.github.io/?https://github.com/HERA-Team/H6C_Notebooks/blob/main/antenna_report/antenna_161_report.html"" target=""_blank"">161</a>",N13,digital_ok,1.0,0.0,0.0,0.0,-0.9924674792700177,27.440912884705625,0.06490046152502242,-0.5409399305762245,-0.07177997770202726,1.7150831694205626,-0.49078001544865735,0.2479090127484435,0.6335112158865818,0.5179869834987364,0.34229397403772294
135,"<a href=""https://htmlpreview.github.io/?https://github.com/HERA-Team/H6C_Notebooks/blob/main/antenna_report/antenna_162_report.html"" target=""_blank"">162</a>",N13,digital_ok,0.0,0.0,0.0,0.0,2.0978353860199133,-0.9970264043365578,-0.7564322107415545,-1.0695367856969675,1.0116681912537397,0.8511324626087601,2.8953705924368176,0.09577165238382,0.6365414058033239,0.6596456094613206,0.37448710993704265
136,"<a href=""https://htmlpreview.github.io/?https://github.com/HERA-Team/H6C_Notebooks/blob/main/antenna_report/antenna_163_report.html"" target=""_blank"">163</a>",N14,digital_ok,0.0,0.0,0.0,0.0,0.6045032630607791,0.9954384867298318,-0.18708870010991666,0.46582799663114755,-0.2254098470956604,0.6053831623199948,-0.4116034261433385,0.7986606726787148,0.6473702215109447,0.657938724658249,0.3747033805601285
137,"<a href=""https://htmlpreview.github.io/?https://github.com/HERA-Team/H6C_Notebooks/blob/main/antenna_report/antenna_164_report.html"" target=""_blank"">164</a>",N14,digital_ok,0.0,0.0,0.0,0.0,-0.9957978668875088,0.1371193125100204,0.4704227942742074,1.4998313132289063,0.3996050202536877,1.6561151643141596,0.572666243844432,0.8216868471514306,0.6413846796508548,0.6516465752543512,0.365284518707375
138,"<a href=""https://htmlpreview.github.io/?https://github.com/HERA-Team/H6C_Notebooks/blob/main/antenna_report/antenna_165_report.html"" target=""_blank"">165</a>",N14,digital_ok,1.0,0.0,0.0,0.0,29.127688043440216,-0.1537400437120466,-0.5174816124427407,-1.1044748583860182,5.138636475968363,-0.2980645641642849,6.493138670671618,0.2741532337757354,0.5166516102097651,0.6575913195346695,0.3704973664391101
139,"<a href=""https://htmlpreview.github.io/?https://github.com/HERA-Team/H6C_Notebooks/blob/main/antenna_report/antenna_166_report.html"" target=""_blank"">166</a>",N14,RF_maintenance,1.0,0.0,0.0,0.0,0.27303103112630533,2.6946231281288906,-0.410673471921735,3.6304632178411107,0.20502657905818666,5.431905764116753,4.061571625389257,0.1629552066480614,0.641415573910361,0.6468409506319477,0.3681272151602392
140,"<a href=""https://htmlpreview.github.io/?https://github.com/HERA-Team/H6C_Notebooks/blob/main/antenna_report/antenna_167_report.html"" target=""_blank"">167</a>",N15,digital_ok,0.0,0.0,0.0,0.0,-0.8919867733054244,-1.1225002729033247,-1.448174836566615,-0.17571401063112588,1.2115596454311621,-0.16668472332822032,1.0443872824160185,3.4539797098555356,0.6326505736651474,0.6389908337240787,0.37065504148072603
141,"<a href=""https://htmlpreview.github.io/?https://github.com/HERA-Team/H6C_Notebooks/blob/main/antenna_report/antenna_168_report.html"" target=""_blank"">168</a>",N15,digital_ok,0.0,0.0,0.0,0.0,-0.9294016559480911,-1.3878319604837075,0.3591264770354516,-0.4512498844438889,0.9242143825961789,0.42071395588566196,-0.267136236924569,1.302945016200808,0.6239982729906368,0.6369974721622644,0.37846613603457757
142,"<a href=""https://htmlpreview.github.io/?https://github.com/HERA-Team/H6C_Notebooks/blob/main/antenna_report/antenna_169_report.html"" target=""_blank"">169</a>",N15,digital_ok,0.0,0.0,0.0,0.0,-0.7973431462746106,-1.1858900383742474,-0.9073155688606627,-1.3232457759085854,0.37001083539257085,0.33322570272381874,-0.6859185260947548,-0.5055434738986049,0.6232141639180315,0.6376056727825089,0.3817553449190704
143,"<a href=""https://htmlpreview.github.io/?https://github.com/HERA-Team/H6C_Notebooks/blob/main/antenna_report/antenna_170_report.html"" target=""_blank"">170</a>",N15,digital_ok,1.0,1.0,0.0,0.0,10.758842129570864,-0.4554232706023178,10.870697021374944,-0.8266209868060067,10.267495789367448,0.9360608208172455,1.9772369251872417,6.6036706000249055,0.04118423520136024,0.6308354755390009,0.4930151768908807
144,"<a href=""https://htmlpreview.github.io/?https://github.com/HERA-Team/H6C_Notebooks/blob/main/antenna_report/antenna_171_report.html"" target=""_blank"">171</a>",N16,digital_ok,0.0,0.0,0.0,0.0,0.6962048311342175,2.7299033459755595,-1.3727699499589385,0.01219805789789197,-0.4779450051623293,1.877433635576626,-0.5864713855733968,1.0074939644040402,0.5719138657359645,0.5526494475354858,0.360341753024671
145,"<a href=""https://htmlpreview.github.io/?https://github.com/HERA-Team/H6C_Notebooks/blob/main/antenna_report/antenna_173_report.html"" target=""_blank"">173</a>",N16,digital_ok,1.0,1.0,1.0,0.0,11.929098941862216,12.868144476270018,3.957188460528944,4.55448142149116,10.565140052893044,12.3818166557009,2.5584500383142084,4.454818106927873,0.04170763870576836,0.046101685565126393,0.003939036352804766
146,"<a href=""https://htmlpreview.github.io/?https://github.com/HERA-Team/H6C_Notebooks/blob/main/antenna_report/antenna_179_report.html"" target=""_blank"">179</a>",N12,RF_maintenance,1.0,0.0,0.0,0.0,6.224825180676909,-0.6055578045516711,-0.19947011577840823,-1.3222129956078055,1.0117580555810024,2.0015348045522745,-0.6220467329290469,0.05517725271224161,0.5916093328485967,0.6324079300950275,0.38930854133867554
147,"<a href=""https://htmlpreview.github.io/?https://github.com/HERA-Team/H6C_Notebooks/blob/main/antenna_report/antenna_180_report.html"" target=""_blank"">180</a>",N13,RF_maintenance,1.0,0.0,1.0,0.0,-0.4082697583214047,13.057446992535436,-1.5304929430801952,11.300564491227016,0.9239350748342909,12.216081645421161,12.798934280689416,1.6213662768047146,0.6283851804054265,0.05352323810940341,0.521057753299173
148,"<a href=""https://htmlpreview.github.io/?https://github.com/HERA-Team/H6C_Notebooks/blob/main/antenna_report/antenna_181_report.html"" target=""_blank"">181</a>",N13,digital_ok,0.0,0.0,0.0,0.0,0.28471139830112074,-0.32744969701479343,0.5276616795309917,0.44325156139099253,-0.5655262267918248,-0.4053181656821223,-0.3318142455214184,3.6033464400108906,0.6298265255471276,0.6432674214597487,0.38053917246138125
149,"<a href=""https://htmlpreview.github.io/?https://github.com/HERA-Team/H6C_Notebooks/blob/main/antenna_report/antenna_182_report.html"" target=""_blank"">182</a>",N13,digital_ok,1.0,0.0,1.0,0.0,0.28790199381331966,12.10689354168666,-1.153003349484713,10.82909004500698,0.22916276935661764,12.422409776549435,7.402289504214441,1.1306811223857514,0.6411278998113021,0.048248422333273616,0.49021892939550765
150,"<a href=""https://htmlpreview.github.io/?https://github.com/HERA-Team/H6C_Notebooks/blob/main/antenna_report/antenna_183_report.html"" target=""_blank"">183</a>",N13,digital_ok,0.0,0.0,0.0,0.0,0.15849877548406785,0.6688820227608211,-0.05834497050019196,0.6970366790369388,1.2464302108857281,-0.4965675104011817,0.26579467750035984,-0.10989097442374166,0.6311914323282184,0.6444496387656006,0.36417034114453894
151,"<a href=""https://htmlpreview.github.io/?https://github.com/HERA-Team/H6C_Notebooks/blob/main/antenna_report/antenna_184_report.html"" target=""_blank"">184</a>",N14,digital_ok,0.0,0.0,0.0,0.0,-0.9723909630628929,-0.6862280076295952,-1.4867381135898334,-0.47442611571386234,-0.7435391315699046,-0.1624719702321153,-0.03275860187571776,-0.05212290068990773,0.6437900431990082,0.6560039064366415,0.3617853809419547
152,"<a href=""https://htmlpreview.github.io/?https://github.com/HERA-Team/H6C_Notebooks/blob/main/antenna_report/antenna_185_report.html"" target=""_blank"">185</a>",N14,digital_ok,1.0,0.0,0.0,0.0,32.115758457807836,-0.3544006229280269,-0.4118317644954813,-1.5416703959002498,8.303370531764694,0.5949186061200064,10.212852811308718,-0.12599969507480988,0.5216928062659796,0.6550106308949079,0.37100666010215017
153,"<a href=""https://htmlpreview.github.io/?https://github.com/HERA-Team/H6C_Notebooks/blob/main/antenna_report/antenna_186_report.html"" target=""_blank"">186</a>",N14,digital_ok,0.0,0.0,0.0,0.0,-1.000590340342283,-0.7159389001299186,0.6095870914537288,0.02233185761895862,-0.8407680024584347,-0.7681770615692689,-0.3579749439500293,-0.6291658653383427,0.6485427457383496,0.6597980365597638,0.373382356008666
154,"<a href=""https://htmlpreview.github.io/?https://github.com/HERA-Team/H6C_Notebooks/blob/main/antenna_report/antenna_187_report.html"" target=""_blank"">187</a>",N14,digital_ok,1.0,0.0,0.0,0.0,0.446501136864908,-0.8778700447533061,-1.500668930328479,-0.1562992431433393,2.895086782244918,4.470086284602346,1.3196859669928491,0.5277834191360022,0.6401798763872761,0.6521376420173466,0.3712565886817401
155,"<a href=""https://htmlpreview.github.io/?https://github.com/HERA-Team/H6C_Notebooks/blob/main/antenna_report/antenna_189_report.html"" target=""_blank"">189</a>",N15,digital_ok,1.0,1.0,1.0,0.0,8.79435099355401,11.993022827984943,10.05453903732683,10.966296714504955,10.318863011276903,12.426625543190744,9.305402217124831,2.2167549229946886,0.028629639808641912,0.032812775695161014,0.0022605874151996465
156,"<a href=""https://htmlpreview.github.io/?https://github.com/HERA-Team/H6C_Notebooks/blob/main/antenna_report/antenna_190_report.html"" target=""_blank"">190</a>",N15,digital_ok,0.0,0.0,0.0,0.0,-1.1711611730108735,-1.285273908613613,-0.6749556234648912,0.6611730912919972,-0.3996178981084101,0.16873413660461414,-0.6717704475829265,-1.1750513078810376,0.6182560756374269,0.6394410763192209,0.39193067522580816
157,"<a href=""https://htmlpreview.github.io/?https://github.com/HERA-Team/H6C_Notebooks/blob/main/antenna_report/antenna_191_report.html"" target=""_blank"">191</a>",N15,digital_ok,1.0,0.0,0.0,0.0,-1.5793771273128774,0.5583553912410991,1.4144002418349912,-0.49886040849222174,-0.014274351211173575,0.43058100600596816,9.717433720850126,0.8315642371534757,0.6035683213896317,0.620833611966446,0.38722885927500994
158,"<a href=""https://htmlpreview.github.io/?https://github.com/HERA-Team/H6C_Notebooks/blob/main/antenna_report/antenna_192_report.html"" target=""_blank"">192</a>",N16,digital_ok,1.0,0.0,0.0,0.0,5.914521467247241,6.453604267554831,5.338516111297163,5.411708152297925,8.022683469311096,9.996713744712098,-3.3699089842495575,-3.519921166051456,0.5700485671711207,0.5846063391646167,0.37823159296419734
159,"<a href=""https://htmlpreview.github.io/?https://github.com/HERA-Team/H6C_Notebooks/blob/main/antenna_report/antenna_193_report.html"" target=""_blank"">193</a>",N16,digital_ok,1.0,0.0,0.0,0.0,6.7527260274986185,0.7101114141452225,5.561312348329692,1.9936434753061907,8.289359465538123,2.715229051077661,-3.3967299727896094,-0.5443099824088432,0.555732830594852,0.5955548693525817,0.40318978058153415
160,"<a href=""https://htmlpreview.github.io/?https://github.com/HERA-Team/H6C_Notebooks/blob/main/antenna_report/antenna_200_report.html"" target=""_blank"">200</a>",N18,RF_maintenance,1.0,1.0,0.7282549972987574,0.0,11.653693407861391,34.20695707014335,4.4000732337762765,0.6472785462176607,10.548489301188313,5.515447700490304,1.063396899311746,22.744504190703143,0.043310631212829014,0.18450412975785024,0.11643537140483792
161,"<a href=""https://htmlpreview.github.io/?https://github.com/HERA-Team/H6C_Notebooks/blob/main/antenna_report/antenna_201_report.html"" target=""_blank"">201</a>",N18,RF_maintenance,1.0,0.0,0.0,0.0,2.5556813447843347,4.5703267379276475,3.4964893033642728,4.707815880463041,3.9879819733023623,8.153114792798915,-0.7284668620633894,-2.566515960687332,0.6177592191512535,0.6150732891056592,0.3764355725004414
162,"<a href=""https://htmlpreview.github.io/?https://github.com/HERA-Team/H6C_Notebooks/blob/main/antenna_report/antenna_202_report.html"" target=""_blank"">202</a>",N18,digital_ok,1.0,0.0,0.0,0.0,0.6377403474488568,2.9698343268091105,1.9175453881679376,-1.223252416622852,1.5389106519450622,0.43932400000833227,-0.6253534391672793,25.48211728050309,0.6243475686092893,0.6142723122234733,0.3713444356471616
163,"<a href=""https://htmlpreview.github.io/?https://github.com/HERA-Team/H6C_Notebooks/blob/main/antenna_report/antenna_204_report.html"" target=""_blank"">204</a>",N19,RF_maintenance,1.0,0.0,0.0,0.0,10.866386722551283,14.430121180275705,1.137849640033587,-1.0668048559112306,6.9105872527622285,7.503192087022646,13.595886765061689,1.646374791952707,0.6350408524731789,0.6538924640515411,0.37916397702903754
164,"<a href=""https://htmlpreview.github.io/?https://github.com/HERA-Team/H6C_Notebooks/blob/main/antenna_report/antenna_205_report.html"" target=""_blank"">205</a>",N19,RF_ok,1.0,0.0,0.0,0.0,8.851447229168981,0.35420472577317696,3.0813852210672095,-0.9304249568837151,7.45485155514519,-0.2960229732687559,0.22702390497182465,7.465436712921392,0.3628316801226331,0.6122866826288489,0.43844345242438526
165,"<a href=""https://htmlpreview.github.io/?https://github.com/HERA-Team/H6C_Notebooks/blob/main/antenna_report/antenna_206_report.html"" target=""_blank"">206</a>",N19,RF_ok,1.0,0.0,0.0,0.0,-1.139486444472678,7.395567518886973,-0.6095384128089855,2.168911760367023,3.901867475963379,4.479489136087314,-0.5271799890964889,0.15064540741158117,0.6063617756549877,0.5043495050845468,0.393710022088424
166,"<a href=""https://htmlpreview.github.io/?https://github.com/HERA-Team/H6C_Notebooks/blob/main/antenna_report/antenna_207_report.html"" target=""_blank"">207</a>",N19,RF_ok,1.0,0.0,0.0,0.0,-0.2683766332928349,0.9170294656671484,-0.5930335151690264,-1.4705583176466959,-0.38799225340187454,0.12096173600233154,5.359014103290724,-0.778053771571269,0.6083141368829253,0.6118683338400946,0.36457835790458787
167,"<a href=""https://htmlpreview.github.io/?https://github.com/HERA-Team/H6C_Notebooks/blob/main/antenna_report/antenna_208_report.html"" target=""_blank"">208</a>",N20,dish_maintenance,1.0,0.9929767693138843,0.9929767693138843,0.0,226.74410095106396,226.12111884966194,inf,inf,3966.3264098979125,4066.137779720236,4951.895450713801,5105.941258130725,0.5551506744631063,0.5844241417952452,0.3951854734166354
168,"<a href=""https://htmlpreview.github.io/?https://github.com/HERA-Team/H6C_Notebooks/blob/main/antenna_report/antenna_209_report.html"" target=""_blank"">209</a>",N20,dish_maintenance,1.0,0.990815775256618,0.9913560237709347,0.0,232.06882303470405,231.53424782591486,inf,inf,4253.865665076516,4448.170197658725,5484.2692982122635,5457.570580193376,0.7323400246091647,0.703368636880783,0.45651721690701624
169,"<a href=""https://htmlpreview.github.io/?https://github.com/HERA-Team/H6C_Notebooks/blob/main/antenna_report/antenna_210_report.html"" target=""_blank"">210</a>",N20,dish_maintenance,1.0,0.9913560237709347,0.9924365207995678,0.0,226.47075672857633,225.93585381753,inf,inf,4492.28416287378,4473.906675205272,5788.139324150081,5794.621466182502,0.6520730812489388,0.57753592881388,0.41472382486184134
170,"<a href=""https://htmlpreview.github.io/?https://github.com/HERA-Team/H6C_Notebooks/blob/main/antenna_report/antenna_211_report.html"" target=""_blank"">211</a>",N20,RF_ok,0.0,0.0,0.0,0.0,0.8043342192318915,2.1371386603491223,-1.145612283263453,0.2728140092358121,-0.4797774320436654,0.02211337674196929,0.7365885620060926,-0.42546071247521605,0.5687588832807668,0.5848641479855756,0.36963809029472317
171,"<a href=""https://htmlpreview.github.io/?https://github.com/HERA-Team/H6C_Notebooks/blob/main/antenna_report/antenna_220_report.html"" target=""_blank"">220</a>",N18,RF_maintenance,0.0,0.0,0.0,0.0,-1.1161646258560234,-0.9346370307694069,0.654958891784746,-0.12375144696837742,-0.459885674278787,0.32635835536512997,3.1567858641811988,-0.7178835000329191,0.6117034507275874,0.6171124214458434,0.3740224618790282
172,"<a href=""https://htmlpreview.github.io/?https://github.com/HERA-Team/H6C_Notebooks/blob/main/antenna_report/antenna_221_report.html"" target=""_blank"">221</a>",N18,RF_ok,1.0,0.0,0.0,0.0,1.3261184763878182,0.060050439004722546,-1.2022280031265877,-0.4883584272830681,0.9981895345206001,-0.6956709096597332,10.611462428872011,-0.7901352660667712,0.5943572579212612,0.6232506272212878,0.37671319016952376
173,"<a href=""https://htmlpreview.github.io/?https://github.com/HERA-Team/H6C_Notebooks/blob/main/antenna_report/antenna_222_report.html"" target=""_blank"">222</a>",N18,RF_ok,0.0,0.0,0.0,0.0,0.42950162669365644,-0.07795253458062244,-0.14147785366238416,0.4030274937505003,-0.8137605481446091,-0.8707317481541902,2.418557447669872,-1.2795635147976379,0.6065092873016243,0.6307943164268042,0.37544546918860394
174,"<a href=""https://htmlpreview.github.io/?https://github.com/HERA-Team/H6C_Notebooks/blob/main/antenna_report/antenna_223_report.html"" target=""_blank"">223</a>",N19,RF_ok,0.0,0.0,0.0,0.0,-1.0762323177824096,-0.31410807294535653,-1.5795673239484223,0.7538031311664927,-0.42747299427358953,-0.3909417501811062,0.6288159133793778,2.2592025115662446,0.5976685734244314,0.6331010508253001,0.3809372425747788
175,"<a href=""https://htmlpreview.github.io/?https://github.com/HERA-Team/H6C_Notebooks/blob/main/antenna_report/antenna_224_report.html"" target=""_blank"">224</a>",N19,RF_ok,1.0,0.0,0.0,0.0,6.995310584819573,5.778391223866158,5.753254042273294,5.274874741663877,8.552273017984872,9.525573756961878,-3.3211405826049374,-2.83200332659699,0.5952659628823713,0.6093229156767432,0.3732616535252235
176,"<a href=""https://htmlpreview.github.io/?https://github.com/HERA-Team/H6C_Notebooks/blob/main/antenna_report/antenna_225_report.html"" target=""_blank"">225</a>",N19,RF_ok,1.0,0.0,0.9173419773095624,0.0,-0.696491102868044,12.610678695845218,0.8856591966362712,4.739766881897127,-0.8641808000644462,12.057905966369667,-1.4738707088936536,0.8310851452046834,0.6163127824121193,0.13586275421890756,0.5064943232372481
177,"<a href=""https://htmlpreview.github.io/?https://github.com/HERA-Team/H6C_Notebooks/blob/main/antenna_report/antenna_226_report.html"" target=""_blank"">226</a>",N19,RF_ok,1.0,0.0,0.0,0.0,-0.7205909549779768,19.207009146082378,-0.39543671209453507,1.2755582830528591,-0.9930007621981529,4.483263745183782,-0.9689095917605249,2.7836089266458206,0.6040125422855853,0.5332125245415656,0.3628463105658369
178,"<a href=""https://htmlpreview.github.io/?https://github.com/HERA-Team/H6C_Notebooks/blob/main/antenna_report/antenna_227_report.html"" target=""_blank"">227</a>",N20,RF_ok,1.0,0.0,0.0,0.0,1.7900080505402232,0.4536370383265214,-1.4722207025979246,0.347708095893208,-0.4584619030323382,-0.3555901505295907,12.384211702767626,-0.40508605650084695,0.5690108431964759,0.6054406664119382,0.3687081078056067
179,"<a href=""https://htmlpreview.github.io/?https://github.com/HERA-Team/H6C_Notebooks/blob/main/antenna_report/antenna_228_report.html"" target=""_blank"">228</a>",N20,RF_maintenance,1.0,0.0,0.0,0.0,6.977158313722553,18.39377946958385,-0.8605358838491655,-0.005022206977726624,1.604616260912805,6.316070135563256,50.87266330858182,46.430794516328085,0.5240545457301699,0.49484370078648093,0.31441085674729774
180,"<a href=""https://htmlpreview.github.io/?https://github.com/HERA-Team/H6C_Notebooks/blob/main/antenna_report/antenna_229_report.html"" target=""_blank"">229</a>",N20,RF_maintenance,0.0,0.0,0.0,0.0,0.8893634554858761,0.016514008096932657,1.8849165932939569,1.699592458908686,0.4115979233635197,1.6355498269854674,-1.333247385035471,-1.7142716440741608,0.588888749226173,0.6044398032314682,0.387356181211674
181,"<a href=""https://htmlpreview.github.io/?https://github.com/HERA-Team/H6C_Notebooks/blob/main/antenna_report/antenna_237_report.html"" target=""_blank"">237</a>",N18,RF_ok,0.0,0.0,0.0,0.0,1.7435354726379795,0.03602640195013385,-0.056832530610426917,-1.3704944756422377,-0.15412839618749133,-1.2697173325449407,-0.5203565793094913,-1.0261222787841975,0.5469248680561835,0.5971729715475379,0.38790907317294615
182,"<a href=""https://htmlpreview.github.io/?https://github.com/HERA-Team/H6C_Notebooks/blob/main/antenna_report/antenna_238_report.html"" target=""_blank"">238</a>",N18,RF_ok,0.0,0.0,0.0,0.0,-0.4032673093622857,-0.05113828615788136,1.161180878360819,0.6081213711060126,-0.3962242761089886,-1.0823557151391805,-1.6248037567816995,-1.7283980195611297,0.6064687504222113,0.6172442195453833,0.383636752255981
183,"<a href=""https://htmlpreview.github.io/?https://github.com/HERA-Team/H6C_Notebooks/blob/main/antenna_report/antenna_239_report.html"" target=""_blank"">239</a>",N18,RF_ok,1.0,0.0,0.0,0.0,-0.8071682657394186,-1.228992010750668,0.240228742112889,0.33855051737089936,1.7946900558840633,-0.8882528703707955,14.91817207658095,1.2326095258353507,0.5980494645123309,0.619562473493884,0.3817650772580037
184,"<a href=""https://htmlpreview.github.io/?https://github.com/HERA-Team/H6C_Notebooks/blob/main/antenna_report/antenna_240_report.html"" target=""_blank"">240</a>",N19,RF_maintenance,1.0,0.0,0.0,0.0,-0.49508190914456923,0.43691347409055215,-0.7201662633555174,-0.7021497142255513,5.7379181652000435,8.786522378845596,3.9189493905684776,5.734631530279906,0.5974404068806684,0.6167195407776522,0.3818832485792721
185,"<a href=""https://htmlpreview.github.io/?https://github.com/HERA-Team/H6C_Notebooks/blob/main/antenna_report/antenna_241_report.html"" target=""_blank"">241</a>",N19,RF_ok,0.0,0.0,0.0,0.0,-1.4235602819369535,-1.1067821207064892,-0.273467688114674,0.4593430285200468,-1.1692899631047229,0.3388802346804745,0.5704668602575844,-0.8476237803567636,0.6028343725347114,0.6240092213547416,0.39044832402727464
186,"<a href=""https://htmlpreview.github.io/?https://github.com/HERA-Team/H6C_Notebooks/blob/main/antenna_report/antenna_242_report.html"" target=""_blank"">242</a>",N19,RF_ok,1.0,0.0,0.0,0.0,23.15625683219185,0.8473818896703826,0.5608973465240911,2.0672664714266555,3.5958728945423646,2.33388107684689,-0.13586892784856086,-0.4691753725870237,0.45303211238496854,0.618497609527265,0.38128026407007526
187,"<a href=""https://htmlpreview.github.io/?https://github.com/HERA-Team/H6C_Notebooks/blob/main/antenna_report/antenna_243_report.html"" target=""_blank"">243</a>",N19,RF_ok,1.0,0.0,0.0,0.0,51.674956293708064,-0.4354755459353155,0.9947569743599662,-1.494026677016332,8.40472049737266,-1.4056633784002444,39.218672065806345,0.5548684953069772,0.3749003739867096,0.5953346911779681,0.42065975900917174
188,"<a href=""https://htmlpreview.github.io/?https://github.com/HERA-Team/H6C_Notebooks/blob/main/antenna_report/antenna_244_report.html"" target=""_blank"">244</a>",N20,RF_maintenance,1.0,0.0,0.0,0.0,4.533684576419597,2.0105572898280877,1.509768363430092,-0.8890298577542258,3.3697327022407735,0.9993770337484155,3.2552807715172287,7.152351737535902,0.47279951204188564,0.570911823160349,0.3746597199902073
189,"<a href=""https://htmlpreview.github.io/?https://github.com/HERA-Team/H6C_Notebooks/blob/main/antenna_report/antenna_245_report.html"" target=""_blank"">245</a>",N20,RF_ok,0.0,0.0,0.0,0.0,0.3002389011921853,2.0568581562924404,-0.25833140392014603,-1.3989132352915215,-0.6771842897815922,-1.114150982275737,-1.1369374666814358,-0.04414830006282398,0.5818168910610899,0.5842605972446293,0.3784168761031952
190,"<a href=""https://htmlpreview.github.io/?https://github.com/HERA-Team/H6C_Notebooks/blob/main/antenna_report/antenna_246_report.html"" target=""_blank"">246</a>",N20,dish_maintenance,1.0,0.0,0.0,0.0,8.473594374245863,6.982003133948001,-1.0328397108148755,-0.11859856404836236,5.2139976847885245,5.193790654199068,3.447986965200812,-0.6077134592665994,0.3203497641181898,0.31276367976378194,0.15254122687653032
191,"<a href=""https://htmlpreview.github.io/?https://github.com/HERA-Team/H6C_Notebooks/blob/main/antenna_report/antenna_261_report.html"" target=""_blank"">261</a>",N20,RF_ok,0.0,0.0,0.0,0.0,1.3042780210692808,1.5191893906154952,0.8780416867161296,-0.2018954733293248,-0.645607913308629,-1.0359059005382492,-0.8031323383563107,1.5212895453862858,0.5811716930079502,0.5825088896257156,0.38108311081499624
192,"<a href=""https://htmlpreview.github.io/?https://github.com/HERA-Team/H6C_Notebooks/blob/main/antenna_report/antenna_262_report.html"" target=""_blank"">262</a>",N20,dish_maintenance,1.0,1.0,1.0,0.0,6.254513320131007,7.751806948358434,9.61810399006972,10.052120051738862,9.927571478442102,11.85254329806841,11.261069299086797,18.021785548461192,0.03420482463523657,0.028834613709113693,0.004829822700887697
193,"<a href=""https://htmlpreview.github.io/?https://github.com/HERA-Team/H6C_Notebooks/blob/main/antenna_report/antenna_320_report.html"" target=""_blank"">320</a>",N03,dish_maintenance,1.0,1.0,1.0,0.0,13.78070693401054,12.82508763967806,6.951890939739809,7.223622035413565,10.498641520903,12.434867359896533,0.9580774198811676,2.45930375293388,0.05666856032729132,0.049293235512415934,0.006634083535183452
194,"<a href=""https://htmlpreview.github.io/?https://github.com/HERA-Team/H6C_Notebooks/blob/main/antenna_report/antenna_324_report.html"" target=""_blank"">324</a>",N04,not_connected,0.0,0.0,0.0,0.0,1.395261380293036,2.374940799809154,1.3021144700996616,1.8147925211690712,1.1160756347800744,1.7051696131246257,1.2878929019964394,-0.8254190641609694,0.49216482579802867,0.5080575759860781,0.3698436553183268
195,"<a href=""https://htmlpreview.github.io/?https://github.com/HERA-Team/H6C_Notebooks/blob/main/antenna_report/antenna_325_report.html"" target=""_blank"">325</a>",N09,dish_ok,0.0,0.0,0.0,0.0,0.7800795612510713,-0.6776948058904074,1.4157221981968997,-1.251632567298357,1.1498137549998955,-0.887354796465749,-1.2150776138593893,-0.29298114447061263,0.523680478393523,0.5247807466009013,0.383724120677074
196,"<a href=""https://htmlpreview.github.io/?https://github.com/HERA-Team/H6C_Notebooks/blob/main/antenna_report/antenna_329_report.html"" target=""_blank"">329</a>",N12,dish_maintenance,1.0,0.0,0.0,0.0,3.4782139751334427,-0.38572527147437385,-0.2884448655808697,-0.8806963320284725,1.6752511681248299,-1.22536064468984,4.7283933997718535,0.8920678581585397,0.4566191465109056,0.5162312745229446,0.37087005880297974
197,"<a href=""https://htmlpreview.github.io/?https://github.com/HERA-Team/H6C_Notebooks/blob/main/antenna_report/antenna_333_report.html"" target=""_blank"">333</a>",N12,dish_maintenance,0.0,0.0,0.0,0.0,3.0025776887363094,1.407311843168047,-1.2356670935725778,-1.421820888931758,-0.05418676271349902,-0.8799247844988091,0.5560573012806739,0.6558894525050154,0.46802589421654495,0.5019102644934872,0.36348239207843663
